terms: 0 1 2 3
  row: 1 2 3 4
  col: 1 2 3 4
value: 2 1 4 6

terms: 0 1 2 3 4 5 6 7 8 9
  row: 1 1 2 2 2 3 3 3 4 4
  col: 1 2 1 2 3 2 3 4 3 4
value: 2 1 3 1 3 5 2 7 9 0

terms: 0 1 2 3 4 5 6 7 8 9
  row: 1 2 2 3 3 3 4 4 4 4 
  col: 1 1 2 1 2 3 1 2 3 4
value: 2 5 1 0 3 1 4 2 7 0

terms: 0 1 2 3 4 5 6 7 8 9
  row: 1 1 1 1 2 2 2 3 3 4
  col: 1 2 3 4 2 3 4 3 4 4
value: 2 1 3 0 1 3 8 1 6 0

terms: 0 1 2 3 4 5 6 7 8 9 10 A B C D E
  row: 1 1 1 1 2 2 2 2 3 3 3 3 4 4 4 4
  col: 1 2 3 4 1 2 3 4 1 2 3 4 1 2 3 4
value: 2 4 6 0 4 1 9 5 6 9 4 7 0 5 7 0